                                                                                                    
                                                                                                    
                                                                                                    
                                                                                                    
                                                                                                    
                                                                                                    
                                                                                                    
                                                                                                    
                                                                                                    
                                                                                                    
                                                                                                    
                                                                                                    
                                                                                                    
                                                                                                    
                                                    [0;34;40m8[0;34;5;40;100m8[0;34;40mX[0;30;5;40;100m8[0;30;44m8[0;30;5;40;100m8[0;30;44m8[0;30;5;40;100m8[0m                                        
                                                  [0;34;40m8[0;34;5;40;100m8[0;1;30;90;40m8[0;34;40m8[0;36;5;40;100m8[0;1;30;90;44m8[0;34;5;40;100mX[0;1;30;90;44m8[0;34;5;40;100mS[0;1;30;90;44m8[0;34;40m@[0;30;5;40;100m8[0m                                      
                                                [0;34;40m8[0;34;5;40;100m8[0;1;30;90;40m8[0;34;40m8[0;30;5;40;100m@[0;34;40m8[0;34;5;40;100m@[0;1;30;90;44m8[0;34;40m8[0;36;5;40;100m8[0;34;40mX8[0;34;5;40;100mS[0;34;40m8[0;34;5;40;100mS[0;1;30;90;44m8[0m                                    
                                              [0;34;40m8[0;34;5;40;100m8[0;1;30;90;40m8[0;34;40m8[0;33;5;40;100m [0;1;30;90;47mS[0;1;30;90;40m8[0;30;44m8[0;32;40m8[0;1;30;90;44m8[0;32;40m@[0;30;44m8[0;30;5;40;100mX[0;34;40m8[0;36;5;40;100m8[0;1;30;90;44m88[0;34;5;40;100mX[0m                                    
                                              [0;34;40m8[0;1;30;90;40m8[0;1;37;97;47m@[0;1;33;93;47mX[0;37;43m8[0;33;5;40;100m:[0;30;5;40;100m8[0;1;30;90;44m8[0;34;40m8[0;30;5;40;100m8[0;1;30;90;47m;;[0;33;47mXS[0;34;40m@[0;1;30;90;40m8[0;1;30;90;44m8[0;34;40m8[0m                                    
                                            [0;34;40m8[0;34;5;40;100m8[0;1;30;90;40m8[0;34;40m8[0;1;33;93;47mS[0;1;37;97;47m@[0;33;47m@[0;1;33;93;47mS[0;1;37;97;47m:[0;1;33;93;47m@[0;31;40mt[0;32;40m;[0;1;37;97;47m%[0;1;33;93;47m@S[0;1;30;90;47m@[0;31;5;40;100mX[0;34;40m8[0m                                      
                                          [0;34;40m8[0;34;5;40;100m8[0;1;30;90;40m8[0;34;40m8[0;34;5;40;100m@[0;1;30;90;40m8[0;33;5;40;100m [0;37;43m8[0;37;5;40;100mt[0;1;30;90;43m8[0;1;37;97;47m%[0;1;33;93;47mS[0;1;37;97;47mX[0;1;33;93;47mXS[0;1;37;97;47m:[0;30;41m@[0;31;40m%[0m                                        
                                        [0;34;40m8[0;34;5;40;100m8[0;1;30;90;40m8[0;34;40m8[0;36;5;40;100m8[0;1;30;90;44m8[0;34;40mX[0;34;5;40;100mX[0;33;41mS;[0;1;30;90;47m8[0;37;43m8[0;1;33;93;47mX[0;33;47mX[0;1;33;93;47mS[0;1;37;97;47m;[0;37;5;43;103m8[0;1;37;97;47m;[0m                                          
                                      [0;34;40m8[0;34;5;40;100m8[0;1;30;90;40m8[0;34;40m8[0;30;5;40;100m@[0;34;40m8[0;34;5;40;100m@X[0;1;30;90;44m8[0;1;30;90;40m8[0;1;30;90;41m@%[0;33;41m.[0;35;41m;[0;30;41m8@[0;31;5;41;101m. [0;34;5;40;100mS[0;31;40m8[0m                                          
                                      [0;34;40m8[0;1;30;90;40m8[0;33;5;41;101m:[0;1;31;91;47m8[0;33;5;41;101m [0;1;31;91;47m8[0;1;30;90;40m8[0;34;40m@[0;1;30;90;46mt[0;1;30;90;44m8[0;33;5;41;101m;[0;37;5;41;101m8[0;31;5;41;101m%@[0;31;40mS%[0;37;5;41;101m8[0;33;5;41;101m [0;37;5;41;101m88[0;34;5;40;100m8[0;34;40mX[0m                                        
                                      [0;31;5;41;101m@8[0;33;5;41;101mX[0;31;5;41;101m%[0;1;31;91;47m@[0;33;5;41;101m [0;1;31;91;47m8[0;33;5;41;101m  [0;1;31;91;47m8[0;1;37;97;47m [0;1;33;93;47mS[0;35;5;41;101m [0;1;31;91;47m@[0;37;5;47;107mX8[0;37;5;41;101m88[0;31;5;41;101m %[0;33;5;41;101m [0;1;31;91;47m8[0m                                        
                                      [0;31;5;41;101m@@[0;33;5;41;101m@[0;31;5;41;101mS[0;1;31;91;47m8[0;1;33;93;5;41;101m8[0;31;5;41;101m [0;33;5;41;101mX[0;1;31;91;47mX[0;1;33;93;5;41;101mS[0;37;5;45;105m8[0;37;5;43;103m8[0;1;35;95;5;41;101m@[0;1;33;93;5;41;101mX[0;31;40m8[0;1;30;90;40m8[0;35;5;41;101m [0;1;31;91;47m@[0;31;5;41;101m:[0;33;5;41;101m@X[0;31;5;41;101m%[0m                                        
                                      [0;31;5;41;101m@@@[0;33;5;41;101mS[0;37;5;41;101m88[0;31;5;40;100m8[0;1;30;90;41m8[0;31;5;41;101m..[0;1;33;93;47mS[0;1;31;91;5;45;105m8[0;1;33;93;5;41;101m8[0;1;35;95;5;41;101m8[0;30;5;40;100m8[0;31;40mX[0;30;5;40;100m8[0;30;41m8[0;37;5;41;101m88[0;31;5;41;101mt@[0m                                        
                                      [0;31;5;41;101m@@[0;33;5;41;101m@[0;35;5;41;101mS[0;37;5;41;101m88[0;1;31;91;41mX[0;1;30;90;41m@[0;31;5;41;101m@t[0;1;37;97;47m [0;1;37;97;5;43;103m8[0;1;35;95;5;41;101m@[0;1;33;93;5;41;101m8[0;31;40m8XS[0;1;30;90;40mX[0;31;5;41;101mtS[0m                                          
                                        [0;31;5;41;101m@S[0;37;5;41;101m8[0;1;33;93;5;41;101mX[0;1;30;90;41m8S[0;31;5;41;101m@t[0;1;35;95;47m%[0;1;35;95;5;41;101m8[0;1;33;93;5;41;101m8[0;1;35;95;5;41;101m8[0;30;5;40;100m@[0;31;40mSSS[0;31;5;40;100m8[0;1;30;90;41m8[0m                                          
                                        [0;31;5;41;101m@S[0;37;5;41;101m88[0;1;30;90;41mX%[0;31;5;41;101mX[0;33;5;41;101mt[0;31;5;41;101m [0;33;5;41;101m [0;37;5;47;107m8[0;1;33;93;47m@[0;31;5;41;101m [0;37;5;41;101m8[0;1;30;90;40m@[0;31;40mX[0;1;30;90;41m8[0;33;41mt[0;31;5;41;101m8@[0m                                        
                                        [0;31;5;41;101m@S[0;37;5;41;101m8[0;1;33;93;5;41;101mX[0;31;5;41;101m.X[0;33;5;40;100m8[0;1;30;90;41m@[0;31;5;41;101mX[0;33;5;41;101mS[0;1;31;91;47mS[0;1;35;95;47mX[0;1;33;93;5;41;101mX[0;37;5;41;101m8[0;30;41mX[0;31;40mS[0;1;30;90;41m@X[0;31;5;41;101m8@[0m                                        
                                        [0;31;5;41;101m@S[0;37;5;41;101m88[0;31;5;41;101m:@[0;1;30;90;41m88[0;31;5;41;101m@%[0;1;33;93;47m%[0;1;35;95;5;41;101m8[0;1;33;93;5;41;101m8[0;1;35;95;5;41;101m8[0;30;5;40;100m@[0;31;40mS[0;1;30;90;41m@[0;30;41m%[0;1;30;90;41m88[0;31;5;41;101m@@[0m                                      
                                        [0;31;5;41;101m@S[0;37;5;41;101m88[0;31;5;41;101m.[0;33;5;41;101m8[0;1;30;90;41mX@[0;31;5;41;101m8t[0;1;37;97;47m [0;1;33;93;5;47;107m8[0;1;35;95;5;41;101mX[0;1;33;93;5;41;101m8[0;30;41m8[0;31;40m%[0m                                            
                                          [0;31;5;41;101m@;[0;1;31;91;47m8[0;37;5;41;101m8[0;33;41m%[0;1;30;90;41m@[0;31;5;41;101m@t[0;30;41mtX8[0;1;30;90;40m8[0;31;40mSS[0m                                            
                                          [0;31;5;41;101m@X[0;37;5;41;101m88[0;30;41m8[0;31;40m%[0;1;30;90;40m@[0;32;40mS[0;31;40m@S[0;1;30;90;40mX[0;31;40mX[0;1;30;90;40mX[0;31;40mS[0;1;30;90;41mXS[0m                                          
                                          [0;31;5;41;101m@S[0;37;5;41;101m8[0;1;33;93;5;41;101mX[0;1;30;90;40m8[0;31;40mXXX[0;1;30;90;40m@[0;31;40mSSS[0;31;5;40;100m@[0;1;30;90;40m8[0;31;40mS%[0;31;5;41;101m@@[0m                                        
                                          [0;31;5;41;101m@S[0;37;5;41;101m88[0;30;41m@[0;1;30;90;40mS[0;31;40mS[0;1;30;90;40mX[0;31;40mSS[0;31;5;40;100mS[0;1;30;90;40m8[0;1;30;90;41m8[0;31;40m8[0;32;40mX[0;31;40m@[0;1;30;90;41m88[0;33;5;41;101m.[0;37;5;41;101m8[0m                                      
                                            [0;31;5;41;101m@t[0;37;5;41;101m8[0;33;5;41;101m [0;30;5;40;100m8[0;31;40mS[0;31;5;40;100mX[0;1;30;90;40m8[0;1;30;90;41m8[0;32;40m8[0;33;41m8[0;33;5;40;100m8[0;31;40m%S%[0;1;30;90;40m@[0;31;5;41;101mXS[0;37;5;41;101m8[0;33;5;41;101m [0m                                    
                                            [0;31;5;41;101m@X[0;1;31;91;47m8[0;37;5;41;101m8[0;31;40m8%%%SX[0;1;30;90;40m8[0;30;41m8[0;33;5;40;100m8[0;31;40m8[0;1;30;90;40m@[0;31;40mS[0;31;5;40;100m8[0;33;41m@[0;37;5;41;101m88[0;33;5;41;101m [0;37;5;41;101m8[0m                                  
                                          [0;31;40mS%[0;31;5;41;101m@S[0;37;5;41;101m8[0;1;33;93;5;41;101m@[0;1;30;90;40m8[0;31;40mX[0;1;30;90;40mX[0;31;40mS[0;33;5;40;100m8[0;31;40m8[0;33;5;40;100m8[0;31;40m8[0;30;5;40;100mX[0;1;30;90;41m8[0;32;40mt[0;31;40mX[0;1;30;90;41m@X[0;31;5;41;101mtt[0;37;5;47;107mS[0;1;33;93;47mS[0m                                  
                                          [0;31;40mS[0;1;30;90;40mX[0;31;5;41;101m@[0;33;5;41;101mS[0;37;5;41;101m88[0;30;41m@[0;31;40mS[0;31;5;40;100mX[0;31;40m8[0;30;5;40;100mS[0;30;41m8[0;32;5;40;100mS[0;30;41m8[0;33;5;40;100m8[0;31;40m@X%[0;1;30;90;41m8[0;33;41m%[0;32;40m%S[0;33;5;40;100m.[0;33;47m8[0;1;37;97;47mt[0;1;33;93;47mS[0m                                
                                          [0;31;40mSS[0;31;5;41;101m@[0;33;5;41;101mS[0;37;5;41;101m88[0;30;41m8[0;1;30;90;40mS[0;31;40m%[0;32;40m%[0;1;30;90;41m8[0;30;42m8[0;1;30;90;41m8[0;31;40m8[0;30;5;40;100mS[0;33;41m8[0;32;40m%[0;31;40mS%t[0;34;40m%[0;31;40m%%t[0;33;5;40;100m;[0;1;30;90;47m8[0;31;40m%[0;32;40m:[0m                              
                                        [0;31;40mS%[0;1;30;90;41m88[0;31;5;41;101m@S[0;37;5;41;101m88[0;30;41m@[0;31;40mSSXS@%[0;32;40mX[0;1;30;90;41m8[0;32;40m@[0;31;40m8[0;1;30;90;40mS[0;31;40mSS[0;37;5;40;100m8[0;33;5;40;100m [0;1;30;90;47mS[0;1;30;90;43m8[0;31;40m8t[0;32;40m;[0;31;40m;[0m                              
                                        [0;31;40mS%[0;31;5;41;101m@@[0;33;5;41;101m8[0;31;5;41;101m%[0;37;5;41;101m8[0;1;33;93;5;41;101mX[0;30;5;40;100m@[0;31;40mS[0;1;30;90;40mX[0;31;40mS[0;1;30;90;40m@[0;31;40mS[0;31;5;40;100mS[0;30;41m8[0;33;5;40;100m8[0;30;41m8[0;31;5;40;100mS[0;30;41m8[0;1;30;90;40m@[0;31;40mS[0m  [0;33;5;40;100m [0;1;30;90;47m8[0;1;37;97;47m@[0;1;33;93;47mX[0;31;40m%[0;34;40mt[0m                              
                                        [0;31;40mS[0;1;30;90;40mX[0;37;5;40;100m88[0;1;30;90;47m [0;1;33;93;47m%[0;1;37;97;47m  [0;30;41m8[0;31;40m%SS[0;31;5;40;100mX[0;31;40m8[0;33;5;40;100m8[0;31;40m@[0;30;5;40;100mX[0;30;41m8[0;32;5;40;100mS[0;30;41m8[0;32;40mX[0;31;40m@[0m    [0;34;40m:[0;31;40mt[0;32;40mt[0;31;40m;[0m                              
                                        [0;33;5;40;100m  [0;37;43m8[0;1;30;90;43m8[0;1;37;97;47mS[0;1;33;93;47mX@[0;1;30;90;47m8[0;30;41m8[0;31;40mS[0;1;30;90;40mX[0;31;40m%[0;30;5;40;100mS[0;30;41m8[0;1;30;90;42m8[0;30;41m@[0;1;30;90;43m:[0;31;40m@[0;33;5;40;100m8[0;31;40m8@[0;1;30;90;40mX[0m      [0;34;40m:[0;32;40m;[0m                              
                                        [0;33;5;40;100m [0;33;47m8[0;1;30;90;47mS[0;1;33;93;47mSS[0;1;37;97;47m [0;30;41m:8[0;31;40m%SSS[0;33;5;40;100m88[0;30;41m@[0;32;5;40;100mS[0;31;40m8[0;31;5;40;100mX[0;31;40m@[0;33;5;40;100m8[0;31;40mtS[0m      [0;34;40m:[0;31;40m;[0m                              
                                          [0;1;30;90;47m%[0;33;47mX[0;1;33;93;47mS[0;1;31;91;47mX[0;33;5;40;100m [0;1;30;90;47m8[0;33;5;40;100m:[0;1;30;90;47m8[0;33;5;40;100m8X8@88.:[0;1;33;93;47mS[0;1;30;90;47mX[0m        [0;34;40m:[0;32;40m;[0m                              
                                          [0;33;5;40;100m [0;33;47m8[0;35;47mX[0;1;33;93;47m@S[0;33;47mX8[0;33;5;40;100m;@@[0;35;5;40;100m.[0;33;5;40;100m [0;1;30;90;47mX[0;33;47mX[0;1;37;97;47mX[0;1;33;93;47mX[0;33;5;40;100m.[0;33;47m8[0m                                        
                                          [0;33;5;40;100m [0;37;43m8[0;33;47mX[0;1;31;91;47mS[0;1;37;97;47m [0;1;33;93;47mS[0;33;47m8[0;33;5;40;100m [0m  [0;33;5;40;100m [0;33;47m8[0;1;37;97;47m;[0;37;5;43;103m8[0;1;37;97;47m;[0;37;5;43;103m8[0m                                          
                                          [0;1;30;90;47m%[0;33;47mX[0;1;37;97;47m.[0;37;5;43;103m8[0;1;37;97;47m:[0;1;33;93;47m%[0;37;5;41;101m8[0;1;30;90;47m8[0m  [0;33;5;40;100m [0;37;43m8[0;1;37;97;47m.[0;1;33;93;47mS[0;1;37;97;47m;t[0m                                          
                                          [0;1;30;90;47m%[0;1;33;93;47m@[0;1;37;97;47m [0;37;5;47;107m8[0;37;5;43;103m8[0;1;37;97;47m [0;37;43m8[0;33;5;40;100m:[0m  [0;33;5;40;100m [0;33;47m8[0;1;33;93;47mS[0;1;37;97;47m;[0;37;5;43;103m8[0;1;37;97;47m;[0m                                          
                                          [0;1;30;90;47m%[0;33;47m@[0;37;5;43;103m8[0;1;37;97;47m  [0;1;37;97;5;43;103m8[0m    [0;33;5;40;100m [0;1;30;90;47m8[0;1;33;93;47mX%S[0;1;31;91;47m@[0m                                          
                                          [0;1;30;90;47m%[0;1;33;93;47mS[0;1;37;97;47m [0;37;5;43;103m8[0;37;5;47;107m8[0;1;33;93;47m@[0m    [0;33;5;40;100m [0;37;43m8[0;1;37;97;47m [0;37;5;43;103m8[0;35;47m8[0;37;43m8[0m                                          
                                          [0;1;30;90;47m%[0;33;47m@[0;1;37;97;47m [0;1;37;97;5;43;103m8[0;37;5;41;101m8[0;1;37;97;47m [0m  [0;33;5;40;100m [0;1;30;90;47m8[0;1;33;93;47m@[0;1;30;90;47m8[0;1;37;97;47m:[0;37;5;47;107m8[0m                                            
                                          [0;1;30;90;47m%[0;1;33;93;47m@[0;1;37;97;47m  [0;1;31;91;47m8[0;1;30;90;43m8[0m  [0;1;30;90;47m%[0;33;47m8S[0;1;33;93;47mX[0;37;5;43;103m8[0;1;33;93;47m%[0m                                            
                                        [0;33;5;40;100m [0;37;5;40;100m8[0;33;47m8[0;1;31;91;47mS[0;37;5;43;103m8[0;1;37;97;47m:[0m    [0;1;30;90;47m%[0;1;33;93;47mX[0;1;31;91;47m@[0;1;35;95;47mS[0;1;33;93;47mS[0;1;37;97;47m [0m                                            
                                        [0;1;30;90;47m%[0;1;33;93;47m@[0;1;37;97;47m t[0;37;5;43;103m8[0;1;37;97;47m.[0m    [0;1;30;90;47m%[0;33;47mX[0;1;37;97;47m;[0;37;5;43;103m8[0;1;37;97;47m [0;37;5;43;103m8[0m                                            
                                        [0;1;30;90;47m%[0;33;47m@[0;1;33;93;47mS[0;1;37;97;47m;[0;1;33;93;47mX[0;1;31;91;47mS[0m    [0;1;30;90;47m%[0;1;33;93;47m@[0;1;37;97;47m [0;1;33;93;47m%S[0;1;35;95;47mS[0m                                            
                                        [0;1;30;90;47m%[0;1;33;93;47mX[0;1;37;97;47m [0;37;5;43;103m8[0;37;5;41;101m8[0;1;30;90;47m8[0m    [0;1;30;90;47m%[0;33;47m@[0;1;33;93;47m%[0;37;5;47;107m8[0;33;5;41;101mt[0;1;30;90;47m@[0m                                            
                                        [0;1;30;90;47m%[0;1;33;93;47m@[0;1;37;97;47m .[0m      [0;1;30;90;47m%[0;1;33;93;47mXSS[0m                                              
                                        [0;1;30;90;47m%[0;33;47m@[0;37;5;43;103m8[0;1;37;97;47m.[0m      [0;1;30;90;47m%[0;33;47mX[0;1;37;97;47m [0;1;33;93;47m%[0m                                              
                                        [0;1;30;90;47m%[0;1;33;93;47mS[0;1;37;97;47m [0;1;33;93;47mS[0m      [0;1;30;90;47m%[0;1;33;93;47m@[0;1;37;97;47m [0;37;5;43;103m8[0m                                              
                                        [0;1;30;90;47m%[0;33;47m@[0;1;37;97;47m.[0;37;5;43;103m8[0m      [0;1;30;90;47m%[0;33;47m@[0;1;37;97;47m.;[0m                                              
                                        [0;1;30;90;47m%[0;1;33;93;47m@[0;1;37;97;47m ;[0m      [0;1;30;90;47m%[0;1;33;93;47m@SS[0m                                              
                                        [0;1;30;90;47m%[0;1;33;93;47m@S%[0m      [0;1;37;97;47mS[0;1;33;93;47mX[0;1;37;97;47m [0;1;33;93;47m%[0m                                              
                                        [0;34;40m:[0;31;40m@[0;30;41m8[0;31;40mX[0;30;5;40;100m88[0m    [0;34;40m:[0;31;40m8[0;30;41m@[0;31;40m@[0;30;5;40;100m@8[0m                                            
                                        [0;34;40m::[0;30;5;40;100m@888[0m    [0;34;40m:[0;32;40m;[0;30;5;40;100m@888[0m                                            
                                        [0;34;40m:[0;31;40m;[0;34;40m;[0;32;40m:[0m      [0;34;40m:[0;31;40m;[0;32;40m;[0;34;40m;[0m                                              
                                      [0;34;40m:[0;32;40m;[0;31;40m;[0;32;40mt[0;30;5;40;100mX8[0m      [0;34;40m:[0;32;40m;[0;31;40mt[0;34;40m;[0;30;5;40;100m@8[0m                                            
                                      [0;34;40m:[0;31;40m;[0;34;40mt[0;31;40m;[0;30;5;40;100m@8[0m      [0;34;40m:[0;31;40m;[0;30;5;40;100mS88888[0m                                          
                                    [0;34;40m:[0;32;40m;[0;31;40m;[0;32;40mt[0;34;40mt[0;32;40mt[0;30;5;40;100m@8[0m      [0;34;40m:[0;32;40m;[0m  [0;30;5;40;100m888888[0m                                        
                                                                                                    
                                                                                                    
                                                                                                    
                                                                                                    
                                                                                                    
                                                                                                    
                                                                                                    
                                                                                                    
